-95493.340164 358132.346632
412
165868.26 191970.29
268701.53 287471.17
-198164.57 -197957.51
428303.79 465315.34
102399.51 135771.01
-77572.79 -57305.55
158959.37 201588.29
-200506.23 -172464.47
35697.00 72874.45
445219.36 488573.43
278461.94 330916.35
162377.98 164424.73
409450.68 419008.09
464374.03 468852.37
204412.78 216594.82
219775.70 223397.79
363896.22 389879.53
-137475.33 -97761.46
455196.14 503801.93
194572.09 203308.24
314452.95 368441.38
-113480.59 -73218.13
400753.29 422696.56
-205980.71 -170373.71
36899.59 38611.49
-185290.83 -150963.71
-161814.32 -109367.03
34630.85 53629.09
405266.54 410427.18
-115435.12 -92611.59
-8734.00 37354.63
87969.73 100635.17
279808.21 305142.51
30530.47 72275.29
21854.79 71909.61
227069.40 268199.30
-11562.67 -1361.80
-85486.45 -31931.11
164691.54 192173.82
46961.02 87423.30
454987.56 505169.75
-88859.03 -40136.34
387754.92 438662.75
414307.90 424067.59
-128387.62 -118548.99
313088.16 366289.55
247481.84 258523.85
-179959.96 -173274.11
466408.50 519239.56
450622.53 461249.91
112132.10 146560.98
-103992.65 -96198.72
111150.53 136316.04
467402.34 490903.61
-17167.26 19882.80
107125.84 143667.73
139932.44 175523.59
37599.57 86311.66
-43088.11 -42009.01
49353.15 67051.92
191146.17 227266.57
286860.20 311101.36
95372.01 128266.69
-118801.67 -104318.87
409059.40 455251.31
-39215.59 -34577.83
210666.39 226206.98
-20119.24 34654.41
424493.11 441548.54
-208401.63 -160979.86
314876.25 325418.99
270689.89 320855.00
418750.92 462449.74
228614.66 283370.25
161938.50 195115.08
77457.04 84845.35
134532.24 182412.56
-32843.21 6228.60
326446.58 336426.19
102891.96 139769.53
-200303.02 -196322.03
-175259.80 -148653.38
-105661.65 -75266.94
424161.10 433473.99
-86608.55 -38924.33
39911.47 42599.65
438981.78 452320.90
79470.21 122273.98
-114580.22 -103389.71
41140.59 69645.68
-80571.56 -43148.37
223196.62 259216.09
453588.35 466325.18
106683.13 128626.37
294774.29 307931.48
64242.35 105440.13
-143967.97 -103541.46
174624.03 181763.49
457470.09 473553.02
-174992.07 -156968.70
145715.13 148698.70
-149795.49 -95732.63
237110.65 283695.16
-9853.66 21837.09
293102.26 324447.88
218794.26 264597.47
304898.27 339264.38
292495.99 308939.42
-70918.48 -55179.06
-107674.69 -88013.18
-83710.04 -62553.78
92788.82 114999.67
263086.09 303555.21
177455.78 214103.48
160570.88 207880.97
380410.27 400132.67
236952.87 246104.61
259049.59 271961.76
452038.37 504344.71
430704.16 446086.58
73556.67 127049.63
84746.44 101327.83
-197137.90 -158376.50
-180197.49 -144951.96
224355.38 245811.34
127749.58 157027.98
309882.61 319547.81
-177435.54 -130506.49
242543.88 286143.65
224326.63 272261.07
453812.17 480011.58
277136.80 284409.49
110391.11 125891.51
-205183.10 -152041.29
395380.69 406165.22
-54801.50 -47742.76
319733.49 369493.62
-150813.41 -125648.87
21306.73 71427.09
290829.11 333070.46
152290.86 179948.87
-151825.05 -111643.39
18291.27 54628.30
93231.43 128785.14
7510.51 15231.75
358566.94 381416.13
380541.16 388528.44
390816.93 395733.73
145120.76 147989.85
184009.75 187755.46
251237.64 298836.39
251877.52 289809.54
436870.28 452893.05
6318.37 58637.85
436753.41 469042.02
74504.08 114457.84
108975.39 141537.08
316309.09 359162.10
77359.53 96284.11
365232.70 386988.66
221138.37 247679.04
46185.47 81047.07
-85792.04 -51743.13
463146.18 471985.21
273845.67 293203.74
-123844.74 -70715.86
150412.60 177774.64
183047.77 231234.77
132828.41 187614.46
202420.34 244872.09
201527.37 221214.35
95749.42 125622.65
3336.58 11641.36
409142.07 440962.04
-97972.04 -93177.32
156441.84 195435.02
-200656.88 -163567.75
309237.70 354216.00
321032.19 371329.05
66083.11 94666.53
231589.02 247442.74
223256.83 253300.72
438056.71 476014.71
-59506.19 -36218.50
-77371.60 -60363.71
-43493.04 -30326.83
-131369.60 -83939.48
176151.01 194437.04
-131339.40 -113049.96
66341.87 96669.22
-20630.25 2839.03
77460.39 123209.18
-117348.22 -81524.26
397080.18 426124.87
-152687.34 -104105.42
-69812.93 -33165.51
-65360.04 -61022.63
158240.74 199490.31
72765.24 103919.64
356585.18 374400.82
-193035.30 -141405.90
212932.03 227442.94
-27756.73 15195.23
-8489.45 45654.57
94021.86 104472.96
-107422.56 -53271.83
141433.89 186617.34
84027.90 111352.29
28193.15 33257.82
222746.62 246291.34
41247.00 59455.74
-105315.02 -86383.07
329959.72 345946.52
125771.98 141865.25
301730.67 325140.89
223044.40 262357.68
-132888.19 -79461.29
-57793.03 -37311.50
206269.81 243243.59
223428.79 274672.64
254966.18 284617.47
-24257.36 17820.65
-117938.06 -100002.36
49833.76 76285.58
-109618.23 -91916.57
58964.18 66284.89
-85429.42 -75079.06
-56566.82 -13096.53
292196.60 343947.33
-44427.69 -42180.41
343400.82 346976.72
192857.38 232722.74
394686.86 413258.14
378146.88 378665.92
221580.46 227249.59
162508.19 190317.69
285859.36 336804.39
302616.00 303407.24
377458.98 388014.29
278195.84 298343.53
-73870.48 -21631.88
-124655.36 -92554.32
58266.88 70844.42
-96076.09 -51424.42
115107.34 168030.59
-135839.13 -106850.63
387509.32 402934.65
-13224.88 29718.90
-144827.63 -130647.07
220600.33 253971.57
340858.94 373030.46
268656.51 288937.44
251489.23 263254.73
390421.34 396734.56
385475.88 434375.67
251509.64 252155.71
103927.00 145086.09
17847.02 41639.95
41605.27 87995.59
190871.22 201956.65
370148.87 399494.86
162166.79 168127.51
4803.82 6936.52
131642.23 179322.75
-128880.77 -119282.56
-164616.07 -114185.24
-190482.76 -146255.56
-177867.21 -148722.86
419017.56 434517.45
-164614.33 -130121.60
-27407.44 -24389.33
41318.46 53995.45
359206.52 374195.37
168538.05 221327.80
321742.14 341554.84
-148035.60 -93920.73
-125347.52 -82892.62
7432.99 22688.25
-208484.70 -162696.96
405509.38 418861.69
-126152.42 -88816.20
-178006.76 -171207.58
407722.00 444067.62
212132.83 236463.12
-70814.54 -52503.73
118513.56 151929.67
160928.03 209198.58
-43845.94 -34384.41
414452.06 453720.81
328062.51 382899.28
158403.55 181599.70
421270.65 475467.33
-85815.06 -70169.71
307200.38 340606.09
464840.76 503386.56
92818.49 99473.51
135704.97 186293.95
413256.19 425392.63
113665.34 146915.44
-86075.62 -48370.65
-149500.28 -131841.22
-156465.06 -111400.82
196373.53 217702.98
128244.14 178658.42
-15286.24 11730.47
78411.51 99322.93
39131.07 88907.49
270419.97 284124.97
89668.20 94717.93
222574.97 269276.11
430097.22 454172.05
389879.99 433708.27
-85669.41 -85360.80
5832.52 14243.29
293209.42 335570.57
-133408.44 -93537.40
69603.01 123984.79
77770.27 96149.45
262891.96 273648.36
379306.04 421610.13
389184.89 393905.42
-131599.39 -108575.75
109609.33 158945.00
210947.41 253600.14
418686.03 441061.25
-136609.08 -99782.37
325028.64 350717.19
455160.64 495678.50
-105154.34 -55890.02
-33836.07 -20833.78
219021.41 241859.70
-141109.58 -126944.48
-115813.48 -115013.09
403415.04 405301.16
457063.22 464678.67
25207.16 67536.02
424236.70 457849.41
-100992.63 -52581.84
392802.57 404988.83
274856.20 279712.11
-175381.06 -132485.31
-12450.81 17061.94
-88162.70 -38850.91
372932.95 379938.21
424488.42 439221.80
402007.89 420817.30
353012.37 361822.00
-127794.51 -92623.30
-83089.82 -39879.26
308671.88 336396.97
445726.17 465665.59
1027.20 50624.15
446900.93 480860.75
350980.17 405994.47
415365.50 416263.85
261514.36 269666.28
199527.52 205444.89
405928.34 419439.55
-94947.50 -81402.17
-196949.19 -176084.33
-37455.96 11753.42
168106.65 187403.18
443090.45 472043.58
-83558.62 -34592.51
247041.62 261565.18
135002.95 179930.93
146936.25 164891.80
161917.45 190130.12
39371.76 74728.72
-107255.00 -106749.17
-57575.31 -10381.40
308473.03 313017.14
50478.76 50876.60
154840.53 187524.53
229754.95 249472.64
141894.15 146469.13
209735.68 264012.72
85333.42 106187.61
259271.25 274381.96
59945.60 103187.70
-136897.41 -110039.27
-120593.93 -81023.66
413581.17 426435.38
265238.91 289575.57
-198675.78 -143897.24
293653.27 331196.84
-199927.20 -148290.76
465548.69 479742.25
-156432.42 -153806.07
456690.94 495006.26
-186554.20 -132982.56
328124.06 379404.05
-114544.57 -112350.19
187395.69 202341.26
-92827.90 -90108.81
313243.42 342508.56
-181941.98 -172606.69
274565.24 313578.31
-22757.52 -1388.82
211128.72 230514.08
125444.64 140717.14
-208611.85 -186653.84
404040.66 447992.60
292826.97 302680.93
333573.93 352838.03
-77957.02 -53317.88
293095.18 320032.87
242238.30 247227.68
-52473.88 -15850.82
181015.85 228684.61
59109.51 104124.51
26365.58 54714.25